Item,Score_0_to_4
1,1
2,3
3,0
4,3
5,2
6,1
7,4
8,2
9,2
10,1
11,1
12,2
13,1
14,2
15,1
16,4
